X,Y,TYPE,SPEED,DIRTYPE,DIRECTION
-135.055856,60.718169,1,0,0,0
-130.328821,54.311599,1,0,0,0
-128.652155,54.048879,5,0,0,0
-128.651278,54.049316,1,0,0,0
-128.599118,54.516158,1,0,0,0
-125.248223,50.012265,5,0,0,0
-125.247310,50.012235,1,0,0,0
-125.009016,49.632976,1,0,0,0
-124.988042,49.696503,1,0,0,0
-124.803334,49.251196,5,40,0,0
-124.803125,49.251128,1,0,0,0
-124.520712,49.841724,1,30,0,0
-124.489739,49.363257,5,40,0,0
-124.489663,49.363399,1,0,0,0
-124.337756,49.327588,1,40,0,0
-124.337757,49.327716,1,0,0,0
-124.313545,49.320926,1,40,0,0
-124.285778,49.299203,5,40,0,0
-124.285690,49.299252,1,0,0,0
-124.259407,49.304256,1,0,0,0
-124.052564,49.234558,1,0,0,0
-124.049251,49.238701,1,0,0,0
-124.001607,49.204340,1,50,0,0
-123.986066,49.179645,1,40,0,0
-123.985929,49.179830,1,0,0,0
-123.972552,49.177477,1,40,0,0
-123.953575,49.221010,1,0,0,0
-123.933431,49.147616,5,40,0,0
-123.933177,49.147679,1,0,0,0
-123.919884,49.128296,1,40,0,0
-123.919467,49.127783,1,50,0,0
-123.901805,49.110178,1,40,0,0
-123.901463,49.110184,1,0,0,0
-123.888129,49.096854,1,0,0,0
-123.778295,48.953018,1,40,0,0
-123.632089,48.720633,5,40,0,0
-123.538383,48.609869,1,40,0,0
-123.532917,48.455043,1,0,0,0
-123.509403,49.404105,5,60,0,0
-123.509432,49.404404,1,0,0,0
-123.459461,48.585137,5,40,0,0
-123.459175,48.585267,1,0,0,0
-123.404490,48.459544,1,50,0,0
-123.394879,48.431997,1,0,0,0
-123.389232,48.537246,5,50,0,0
-123.389041,48.537286,1,0,0,0
-123.385277,48.498872,1,50,0,0
-123.384729,48.498800,1,0,0,0
-123.384301,48.514328,1,50,0,0
-123.384222,48.514163,1,0,0,0
-123.364693,48.469817,3,0,0,0
-123.364384,48.469980,1,50,0,0
-123.363324,48.438846,3,0,0,0
-123.360516,48.443755,1,0,0,0
-123.360347,48.444100,1,0,0,0
-123.358607,48.437418,1,0,0,0
-123.353543,48.425942,3,0,0,0
-123.353226,48.425887,1,50,0,0
-123.345140,48.434617,1,0,0,0
-123.344793,48.434521,1,0,0,0
-123.333245,48.445923,3,0,0,0
-123.332970,48.445722,1,50,0,0
-123.332953,48.476052,3,0,0,0
-123.332624,48.476105,1,50,0,0
-123.238041,49.257840,5,60,0,0
-123.237151,49.450565,5,30,0,0
-123.236603,49.458836,5,30,0,0
-123.198266,49.225077,5,60,0,0
-123.198014,49.225232,1,0,0,0
-123.185754,49.268633,1,60,0,0
-123.175391,49.125423,1,0,0,0
-123.173869,49.264288,5,60,0,0
-123.173824,49.264491,1,0,0,0
-123.147051,49.689752,1,0,0,0
-123.146863,49.689604,5,0,0,0
-123.140413,49.172181,1,0,0,0
-123.140123,49.220072,1,0,0,0
-123.140041,49.162722,1,0,0,0
-123.139991,49.221774,1,60,0,0
-123.139837,49.226881,1,60,0,0
-123.139535,49.232488,1,60,0,0
-123.139139,49.244903,5,60,0,0
-123.139050,49.248402,1,60,0,0
-123.139136,49.246709,1,0,0,0
-123.138945,49.249478,1,60,0,0
-123.138736,49.257150,1,60,0,0
-123.136690,49.133582,1,0,0,0
-123.136472,49.290923,1,30,0,0
-123.135194,49.271251,5,30,0,0
-123.135035,49.271179,1,50,0,0
-123.134893,49.327180,1,30,0,0
-123.133237,49.742683,5,0,0,0
-123.132978,49.742679,1,0,0,0
-123.132269,49.277089,1,30,0,0
-123.132077,49.282363,5,30,0,0
-123.128312,49.226697,1,60,0,0
-123.126491,49.140899,5,0,0,0
-123.126508,49.140900,1,0,0,0
-123.122493,49.324237,1,30,0,0
-123.122312,49.324499,1,30,0,0
-123.122324,49.281008,1,30,0,0
-123.122237,49.274907,1,30,0,0
-123.121891,49.282770,1,0,0,0
-123.121780,49.280310,1,30,0,0
-123.117105,49.210248,1,60,0,0
-123.116187,49.234205,5,60,0,0
-123.116175,49.233664,1,60,0,0
-123.116025,49.234379,1,0,0,0
-123.114382,49.266647,1,30,0,0
-123.114147,49.133537,3,0,0,0
-123.106314,49.283688,1,30,0,0
-123.102033,49.279260,1,0,0,0
-123.101257,49.245251,1,0,0,0
-123.101162,49.245176,5,60,0,0
-123.100660,49.269048,1,30,0,0
-123.099428,49.282248,1,30,0,0
-123.097494,49.281308,1,30,0,0
-123.091081,49.211040,1,60,0,0
-123.086049,49.320040,5,30,0,0
-123.083922,49.155450,5,50,0,0
-123.079141,49.280197,5,30,0,0
-123.077479,49.259602,1,30,0,0
-123.077246,49.225398,1,60,0,0
-123.077097,49.211054,1,60,0,0
-123.076488,49.240292,1,60,0,0
-123.072508,49.320013,1,30,0,0
-123.072029,49.330222,1,30,0,0
-123.070637,49.320925,5,30,0,0
-123.070401,49.273008,5,30,0,0
-123.070035,49.269489,1,30,0,0
-123.069794,49.259699,1,30,0,0
-123.069239,49.024633,1,50,0,0
-123.065563,49.233146,1,0,0,0
-123.065434,49.232844,1,60,0,0
-123.064343,49.112740,5,0,0,0
-123.063473,49.284877,1,30,0,0
-123.058976,49.060517,1,0,0,0
-123.058125,49.241803,1,30,0,0
-123.057836,49.108788,5,0,0,0
-123.046214,49.089963,1,50,0,0
-123.043973,49.281154,1,50,0,0
-123.041698,49.335313,1,30,0,0
-123.041114,49.224738,1,60,0,0
-123.033801,49.258134,1,30,0,0
-123.033651,49.261961,1,0,0,0
-123.033657,49.279976,1,30,0,0
-123.032144,49.237821,1,30,0,0
-123.032020,49.305208,1,30,0,0
-123.023554,49.232382,1,30,0,0
-123.011576,49.281161,1,30,0,0
-123.006300,49.228901,1,30,0,0
-123.003023,49.280925,1,30,0,0
-122.970083,49.089951,1,0,0,0
-122.970055,49.089770,5,0,0,0
-122.964709,49.280364,1,30,0,0
-122.960719,49.153575,5,60,0,0
-122.960594,49.153405,1,0,0,0
-122.959002,49.218594,1,30,0,0
-122.953733,49.172297,1,0,0,0
-122.953528,50.116918,5,0,0,0
-122.953485,49.172326,5,60,0,0
-122.926641,49.119418,1,60,0,0
-122.926652,49.158098,1,60,0,0
-122.910666,49.244956,1,30,0,0
-122.909504,49.206412,1,0,0,0
-122.909319,49.206280,5,30,0,0
-122.908334,49.219523,1,30,0,0
-122.890309,49.108233,3,0,0,0
-122.890418,49.148620,1,60,0,0
-122.890392,49.162011,1,60,0,0
-122.890172,49.177155,1,30,0,0
-122.889870,49.261842,1,0,0,0
-122.889513,49.261814,5,30,0,0
-122.884320,49.205710,1,30,0,0
-122.867845,49.133927,1,60,0,0
-122.861630,49.234493,1,30,0,0
-122.845840,49.162674,1,30,0,0
-122.845768,49.177000,1,30,0,0
-122.845505,49.197527,5,30,0,0
-122.843222,49.276613,5,30,0,0
-122.842594,49.133629,1,60,0,0
-122.834466,49.148296,1,30,0,0
-122.818910,49.233263,1,30,0,0
-122.801519,49.277271,1,50,0,0
-122.801452,49.277099,3,0,0,0
-122.801502,49.162831,1,30,0,0
-122.801348,49.045649,1,50,0,0
-122.801277,49.250612,1,30,0,0
-122.801297,49.037682,5,0,0,0
-122.801124,49.045697,3,0,0,0
-122.801149,49.037577,1,0,0,0
-122.801099,49.119022,1,60,0,0
-122.800525,49.196890,1,30,0,0
-122.798242,49.022807,5,0,0,0
-122.798101,49.023061,1,0,0,0
-122.797588,53.910314,1,50,0,0
-122.797318,53.910164,3,0,0,0
-122.796449,49.164104,5,30,0,0
-122.796371,49.164250,1,0,0,0
-122.795040,53.920797,1,0,0,0
-122.793570,49.284828,5,30,0,0
-122.793569,49.285095,1,0,0,0
-122.786947,53.989430,1,50,0,0
-122.781723,53.910262,3,0,0,0
-122.780617,53.869260,3,0,0,0
-122.778262,49.190698,1,30,0,0
-122.776377,49.267515,1,50,0,0
-122.769338,49.234692,1,30,0,0
-122.751772,53.912164,1,0,0,0
-122.735323,49.016790,3,0,0,0
-122.735189,49.118824,1,60,0,0
-122.734915,49.118864,1,60,0,0
-122.733510,49.106903,1,60,0,0
-122.689634,49.231031,1,30,0,0
-122.675424,49.111778,1,50,0,0
-122.669361,49.076513,5,60,0,0
-122.668773,49.119002,3,0,0,0
-122.668537,49.118962,1,50,0,0
-122.668009,49.159362,1,30,0,0
-122.653136,49.104033,1,30,0,0
-122.645976,49.162648,1,30,0,0
-122.640359,49.162550,1,30,0,0
-122.631868,49.217159,1,30,0,0
-122.624660,49.095972,1,30,0,0
-122.598578,49.220506,5,30,0,0
-122.598556,49.220635,1,0,0,0
-122.579462,49.220370,1,30,0,0
-122.556778,49.183226,1,30,0,0
-122.489573,52.975693,5,0,0,0
-122.472166,49.058132,1,30,0,0
-122.448789,49.057498,1,30,0,0
-122.338034,49.060020,1,30,0,0
-122.330779,49.051502,1,30,0,0
-122.326206,49.132756,1,30,0,0
-122.316111,49.059950,1,30,0,0
-122.315153,49.051066,1,30,0,0
-122.289863,49.103718,1,30,0,0
-122.289311,49.049012,5,30,0,0
-122.289406,49.049096,1,0,0,0
-122.267012,49.034913,1,30,0,0
-122.267141,49.035082,1,30,0,0
-122.138712,52.130064,5,0,0,0
-122.138652,52.129962,1,0,0,0
-121.961210,49.155095,1,30,0,0
-121.961236,49.154967,3,0,0,0
-121.941233,49.156264,1,0,0,0
-121.941018,49.156012,5,0,0,0
-121.686177,49.226245,5,0,0,0
-121.390885,49.365782,1,0,0,0
-120.727959,50.143886,5,0,0,0
-120.627102,49.124742,1,0,0,0
-120.626887,49.124765,5,0,0,0
-120.365122,50.709467,1,30,0,0
-120.364987,50.709629,1,50,0,0
-120.356857,50.696917,3,0,0,0
-120.356854,50.697073,1,50,0,0
-120.354369,50.666833,1,50,0,0
-120.347717,50.662739,3,0,0,0
-120.327951,50.673042,5,0,0,0
-120.327904,50.673466,1,0,0,0
-120.316354,50.674399,3,0,0,0
-120.298141,50.672789,5,0,0,0
-119.734545,49.776902,1,0,0,0
-119.696109,50.812127,5,0,0,0
-119.695915,50.812217,1,0,0,0
-119.671946,49.603201,1,0,0,0
-119.592196,49.858195,1,0,0,0
-119.587062,49.487622,1,0,0,0
-119.496523,49.889270,1,0,0,0
-119.487604,49.822943,5,0,0,0
-119.487639,49.822993,1,0,0,0
-119.476985,49.883545,3,0,0,0
-119.474384,49.860828,3,0,0,0
-119.454489,49.881995,3,0,0,0
-119.453837,49.863295,1,0,0,0
-119.443270,49.881755,3,0,0,0
-119.441911,49.874532,1,0,0,0
-119.420774,49.889368,3,0,0,0
-119.386740,49.892062,1,0,0,0
-119.273784,50.274750,3,0,0,0
-119.273608,50.260985,3,0,0,0
-118.795317,55.173481,1,0,0,0
-118.794829,55.173554,1,30,0,0
-118.391024,50.960844,1,0,0,0
-118.391028,50.960583,5,0,0,0
-117.861495,51.138843,5,0,0,0
-117.861308,51.139155,1,0,0,0
-117.564057,53.411811,5,0,0,0
-117.374988,49.495064,1,0,0,0
-116.932584,51.299647,5,0,0,0
-116.071397,50.622124,1,0,0,0
-116.023656,58.382104,1,0,0,0
-115.792576,60.811321,1,0,0,0
-115.655113,49.558139,1,0,0,0
-115.517555,51.201901,5,0,0,0
-115.517149,51.202338,1,0,0,0
-115.369764,51.109726,5,0,0,0
-115.368748,51.110027,1,0,0,0
-115.322035,51.075827,5,0,0,0
-115.321058,51.075837,1,0,0,0
-114.370496,62.454775,1,0,0,0
-114.278783,50.676848,1,0,0,0
-114.234251,51.088360,1,70,0,0
-114.231009,50.531492,5,0,0,0
-114.191678,51.130188,1,0,0,0
-114.189044,51.103875,1,0,0,0
-114.164351,51.052490,1,0,0,0
-114.164342,51.018252,3,0,0,0
-114.154211,51.115185,3,0,0,0
-114.153089,51.085405,1,0,0,0
-114.151566,51.066018,1,0,0,0
-114.150108,51.063905,1,0,0,0
-114.149258,51.063538,3,0,0,0
-114.142494,51.102706,3,0,0,0
-114.141209,51.023876,1,0,0,0
-114.139837,51.108968,1,0,0,0
-114.135349,51.037929,3,0,0,0
-114.135387,51.037970,3,0,0,0
-114.135404,51.041410,3,0,0,0
-114.126984,51.103152,1,0,0,0
-114.115308,50.954367,1,0,0,0
-114.108672,51.044866,1,50,0,0
-114.108058,51.143407,3,0,0,0
-114.099591,51.068814,1,0,0,0
-114.096294,51.043464,3,0,0,0
-114.094943,50.979631,3,0,0,0
-114.094888,51.083040,3,0,0,0
-114.094782,51.049160,1,0,0,0
-114.094659,51.043330,1,50,0,0
-114.094610,51.089738,1,0,0,0
-114.092589,51.143850,3,0,0,0
-114.088282,51.045387,3,0,0,0
-114.085899,51.057308,1,0,0,0
-114.084862,51.066960,3,0,0,0
-114.084663,50.963689,3,0,0,0
-114.084498,51.066972,3,0,0,0
-114.083163,50.979744,3,0,0,0
-114.075869,51.047855,3,0,0,0
-114.071413,51.128996,3,0,0,0
-114.071378,50.994275,1,0,0,0
-114.071110,51.042816,3,0,0,0
-114.068187,51.047539,1,0,0,0
-114.067864,50.979576,1,0,0,0
-114.062523,51.058900,1,0,0,0
-114.062415,51.070677,3,0,0,0
-114.061298,50.949456,5,0,0,0
-114.061174,50.949792,1,0,0,0
-114.059455,51.030557,3,0,0,0
-114.058550,50.963883,3,0,0,0
-114.058463,51.041261,3,0,0,0
-114.057906,51.046384,3,0,0,0
-114.056434,51.110667,3,0,0,0
-114.053900,51.095998,3,0,0,0
-114.053783,51.096080,3,0,0,0
-114.048766,51.016052,3,0,0,0
-114.048183,50.964217,3,0,0,0
-114.041741,50.948158,3,0,0,0
-114.035038,51.040342,1,0,0,0
-114.032069,50.931207,3,0,0,0
-114.031795,51.047825,1,0,0,0
-114.015748,50.978294,5,0,0,0
-114.004700,51.036926,1,0,0,0
-114.001780,51.139798,1,0,0,0
-114.001526,51.081515,3,0,0,0
-114.001261,51.212749,1,0,0,0
-113.991362,51.049230,3,0,0,0
-113.985877,51.062766,1,0,0,0
-113.984336,50.998951,3,0,0,0
-113.981758,50.979683,3,0,0,0
-113.981618,50.979689,3,0,0,0
-113.981039,51.104875,5,0,0,0
-113.980615,51.104829,1,0,0,0
-113.969581,51.037867,3,0,0,0
-113.958517,51.085902,1,0,0,0
-113.958448,51.096241,3,0,0,0
-113.955730,51.053407,3,0,0,0
-113.946798,51.110730,3,0,0,0
-113.934931,51.067161,3,0,0,0
-113.934783,51.066993,1,50,0,0
-113.808686,52.267780,1,0,0,0
-113.796468,52.273850,5,0,0,0
-113.796458,52.273936,1,0,0,0
-113.659292,53.520112,5,30,0,0
-113.639630,53.559529,1,30,0,0
-113.630513,53.521301,1,50,0,0
-113.630478,53.521368,3,0,0,0
-113.618094,53.650191,1,30,0,0
-113.616955,53.539361,1,30,0,0
-113.615403,53.563222,1,30,0,0
-113.615375,53.522858,1,30,0,0
-113.615205,53.524919,1,0,0,0
-113.615254,53.519677,3,0,0,0
-113.615271,53.531665,1,50,0,0
-113.615106,53.531575,3,0,0,0
-113.614996,53.613772,5,30,0,0
-113.614759,53.613812,1,0,0,0
-113.606063,53.539164,1,30,0,0
-113.594915,52.673535,1,30,0,0
-113.590296,53.541186,1,30,0,0
-113.588311,53.457230,1,30,0,0
-113.582517,53.489216,1,30,0,0
-113.578097,53.551122,1,30,0,0
-113.577951,53.581291,3,0,0,0
-113.577803,53.581275,1,50,0,0
-113.577910,53.539581,1,30,0,0
-113.575102,53.599662,1,30,0,0
-113.551480,53.558812,3,0,0,0
-113.551486,53.562248,5,30,0,0
-113.551377,53.562321,1,0,0,0
-113.550472,53.570277,3,0,0,0
-113.543350,53.252067,5,30,0,0
-113.541347,53.580496,3,0,0,0
-113.541257,53.580706,1,50,0,0
-113.541279,53.599510,1,30,0,0
-113.539950,53.522349,5,30,0,0
-113.538758,53.592115,5,30,0,0
-113.538744,53.472706,5,30,0,0
-113.538699,53.472693,1,0,0,0
-113.531943,53.584896,1,60,0,0
-113.525751,53.516598,1,50,0,0
-113.521113,53.540973,1,30,0,0
-113.516836,53.429426,1,30,0,0
-113.516792,53.482736,5,30,0,0
-113.516558,53.453786,3,0,0,0
-113.516413,53.465799,1,30,0,0
-113.516302,53.453994,1,50,0,0
-113.512139,53.518132,1,30,0,0
-113.508696,53.534129,1,50,0,0
-113.508628,53.559917,5,30,0,0
-113.497454,53.515411,1,30,0,0
-113.495528,53.479837,1,30,0,0
-113.493805,53.554491,1,30,0,0
-113.492689,53.453863,1,30,0,0
-113.492047,53.480373,1,70,0,0
-113.491951,53.629008,1,50,0,0
-113.492033,53.584962,1,30,0,0
-113.491974,53.628806,3,0,0,0
-113.486183,53.499915,1,30,0,0
-113.486091,53.560508,1,0,0,0
-113.486112,53.560349,5,30,0,0
-113.485584,53.531157,1,30,0,0
-113.483724,53.547298,1,30,0,0
-113.481221,53.517991,5,30,0,0
-113.481080,53.518153,1,0,0,0
-113.480285,53.488124,5,30,0,0
-113.480190,53.488471,1,0,0,0
-113.467754,53.465540,3,0,0,0
-113.467438,53.615939,1,30,0,0
-113.466662,53.465294,1,50,0,0
-113.456517,53.570243,5,30,0,0
-113.456433,53.570423,1,0,0,0
-113.453555,53.570412,1,50,0,0
-113.453013,53.580492,1,30,0,0
-113.452128,53.570259,3,0,0,0
-113.443006,53.517933,3,0,0,0
-113.442772,53.518028,1,50,0,0
-113.442558,53.508468,1,30,0,0
-113.441762,53.537698,3,0,0,0
-113.440415,53.599618,5,30,0,0
-113.440315,53.599875,1,0,0,0
-113.439835,52.843497,1,30,0,0
-113.435990,53.465301,3,0,0,0
-113.428438,53.458794,1,30,0,0
-113.422520,53.582303,5,30,0,0
-113.422510,53.582466,1,0,0,0
-113.421707,53.599086,1,30,0,0
-113.419972,53.454806,3,0,0,0
-113.418508,53.541116,1,30,0,0
-113.418093,53.582452,1,30,0,0
-113.415713,53.354629,1,30,0,0
-113.413469,53.597005,1,50,0,0
-113.393837,53.487815,1,70,0,0
-113.393940,53.488042,3,0,0,0
-113.392750,53.570452,5,30,0,0
-113.392651,53.570342,1,0,0,0
-113.390121,52.944079,5,30,0,0
-113.390104,52.944059,1,0,0,0
-113.386302,53.599471,1,50,0,0
-113.386008,53.599530,3,0,0,0
-113.380001,51.037782,5,30,0,0
-113.379984,51.037839,1,0,0,0
-113.330224,53.512097,1,30,0,0
-113.307957,53.528269,5,30,0,0
-113.307821,53.528346,1,0,0,0
-113.295843,53.550527,1,30,0,0
-113.295681,53.541098,1,30,0,0
-113.231470,53.699731,1,30,0,0
-112.862217,49.707390,1,50,0,0
-112.810303,49.693565,1,0,0,0
-112.713161,51.465878,1,50,0,0
-112.706471,51.466053,5,50,0,0
-112.706450,51.466238,1,0,0,0
-112.161092,49.774983,5,50,0,0
-111.361827,56.719981,3,0,0,0
-111.352288,56.686696,3,0,0,0
-110.752263,54.268051,1,50,0,0
-110.331927,53.340425,1,50,0,0
-110.215669,54.410043,1,50,0,0
-107.798346,50.282189,1,50,0,0
-106.673307,52.157758,3,0,0,0
-106.673205,52.157743,1,50,0,0
-106.630983,52.114790,1,30,0,0
-106.630606,52.115070,1,50,0,0
-105.526866,50.402644,5,50,0,0
-105.526783,50.402661,1,0,0,0
-104.672543,50.456916,1,50,0,0
-104.643118,50.455240,1,50,0,0
-104.618021,50.415499,1,50,0,0
-104.617921,50.451022,1,50,0,0
-104.586467,50.026140,1,0,0,0
-104.586248,50.026114,5,50,0,0
-104.157845,49.807496,1,30,0,0
-103.678831,50.524927,1,30,0,0
-102.440133,51.209030,1,30,0,0
-100.043348,51.154920,5,30,0,0
-99.976135,49.841968,1,30,0,0
-98.294925,49.975193,5,30,0,0
-98.294729,49.975537,1,0,0,0
-97.857328,55.745202,5,30,0,0
-97.857257,55.745273,1,0,0,0
-97.395754,49.875372,5,30,0,0
-97.395676,49.875671,1,0,0,0
-97.356780,49.295533,1,30,0,0
-97.300710,49.882888,1,30,0,0
-97.267628,49.859178,1,30,0,0
-97.266023,49.867876,3,0,0,0
-97.262338,49.879829,1,30,0,0
-97.253591,49.885658,1,30,0,0
-97.245713,49.876059,1,30,0,0
-97.244490,49.012386,1,0,0,0
-97.244326,49.012517,5,30,0,0
-97.206629,49.857415,1,30,0,0
-97.206039,49.864501,1,30,0,0
-97.205728,49.887604,3,0,0,0
-97.205526,49.887422,1,30,0,0
-97.201348,49.883925,3,0,0,0
-97.201077,49.821463,1,30,0,0
-97.200919,49.821088,3,0,0,0
-97.194897,49.931224,3,0,0,0
-97.180970,49.873892,3,0,0,0
-97.180567,49.873850,1,30,0,0
-97.179628,49.916648,1,30,0,0
-97.178305,49.884236,1,30,0,0
-97.168720,49.929563,3,0,0,0
-97.168473,49.929718,1,30,0,0
-97.162740,49.860207,1,30,0,0
-97.159444,49.885693,1,30,0,0
-97.157608,49.901094,1,30,0,0
-97.157148,49.801725,1,30,0,0
-97.156924,49.794889,1,30,0,0
-97.152540,49.936625,3,0,0,0
-97.152062,49.936746,1,30,0,0
-97.149391,49.901969,1,30,0,0
-97.147219,49.864440,1,30,0,0
-97.147167,49.785611,1,40,0,0
-97.147021,49.785857,5,30,0,0
-97.146185,49.795281,1,40,0,0
-97.146176,49.795231,5,30,0,0
-97.142447,49.933405,1,30,0,0
-97.141423,49.845235,1,40,0,0
-97.141197,49.927118,1,0,0,0
-97.140862,49.927156,5,30,0,0
-97.140903,49.856167,3,0,0,0
-97.140377,49.888122,1,30,0,0
-97.140139,49.858235,5,30,0,0
-97.140178,49.887688,3,0,0,0
-97.138046,49.823354,3,0,0,0
-97.137316,49.890117,3,0,0,0
-97.135870,49.902540,3,0,0,0
-97.135835,49.949616,3,0,0,0
-97.135775,49.921938,3,0,0,0
-97.135416,49.949769,1,30,0,0
-97.135008,49.865914,5,30,0,0
-97.132943,49.901802,3,0,0,0
-97.131043,49.917601,1,30,0,0
-97.130064,49.874361,5,30,0,0
-97.124034,49.927411,3,0,0,0
-97.123922,49.927299,1,30,0,0
-97.122895,49.843565,5,30,0,0
-97.122094,49.818305,5,30,0,0
-97.121226,49.914359,1,30,0,0
-97.121030,49.914530,3,0,0,0
-97.120874,49.892425,1,30,0,0
-97.120451,49.889777,5,30,0,0
-97.119170,49.836566,5,30,0,0
-97.119118,49.892880,1,30,0,0
-97.118571,49.895995,5,30,0,0
-97.118439,49.895843,1,40,0,0
-97.118337,49.854467,1,40,0,0
-97.118234,49.854449,5,30,0,0
-97.117884,49.840715,3,0,0,0
-97.115061,49.890969,1,40,0,0
-97.114522,49.806114,3,0,0,0
-97.112426,49.892545,1,40,0,0
-97.112292,49.857146,1,50,0,0
-97.112081,49.892618,5,30,0,0
-97.111665,49.852698,3,0,0,0
-97.111284,49.852794,1,30,0,0
-97.110144,49.946937,1,30,0,0
-97.108614,49.810364,5,30,0,0
-97.108559,49.804146,5,30,0,0
-97.108513,49.804191,1,40,0,0
-97.104658,49.906568,1,30,0,0
-97.104010,49.927854,3,0,0,0
-97.103864,49.927900,1,30,0,0
-97.102289,49.882323,1,30,0,0
-97.102177,49.882156,3,0,0,0
-97.100607,49.812947,5,30,0,0
-97.099265,49.820360,1,40,0,0
-97.099147,49.820199,5,30,0,0
-97.096259,49.805985,1,40,0,0
-97.095544,49.876103,5,30,0,0
-97.094815,49.842014,5,30,0,0
-97.094686,49.842167,1,40,0,0
-97.093667,49.832902,5,30,0,0
-97.091870,49.807968,1,40,0,0
-97.090989,49.824011,5,30,0,0
-97.090150,49.834114,1,30,0,0
-97.086368,49.810409,5,30,0,0
-97.081182,49.849113,5,30,0,0
-97.080636,49.950293,1,30,0,0
-97.080547,49.950460,3,0,0,0
-97.078370,49.853588,1,30,0,0
-97.077739,49.815479,5,30,0,0
-97.077613,49.815597,1,40,0,0
-97.066095,49.907484,1,30,0,0
-97.048481,49.922618,1,30,0,0
-97.047974,49.922636,3,0,0,0
-97.026173,49.886072,1,30,0,0
-97.012178,49.895112,1,30,0,0
-96.886434,50.129607,1,30,0,0
-96.874594,50.143665,1,0,0,0
-96.874475,50.143481,5,30,0,0
-83.101878,42.227379,1,0,0,0
-83.090280,42.249694,1,0,0,0
-83.062590,42.294842,1,0,0,0
-83.059227,42.271873,1,0,0,0
-83.034795,42.250994,1,0,0,0
-83.031433,42.273818,1,0,0,0
-82.970428,42.284975,1,0,0,0
-82.901519,42.315789,1,0,0,0
-82.899127,42.301805,1,0,0,0
-82.377603,49.400076,1,0,0,0
-81.748644,46.240499,1,0,0,0
-81.602848,49.268303,1,0,0,0
-81.341378,42.934830,1,0,0,0
-81.321341,42.988960,1,0,0,0
-81.295300,42.996542,1,0,0,0
-81.292689,42.969513,1,0,0,0
-81.283284,43.000117,1,0,0,0
-81.281124,42.938000,1,50,0,0
-81.271956,43.016435,1,0,0,0
-81.269635,42.990570,1,0,0,0
-81.261163,42.937274,1,0,0,0
-81.259567,42.940651,1,0,0,0
-81.245254,42.957723,1,0,0,0
-81.242590,42.998688,1,0,0,0
-81.200452,46.507808,1,0,0,0
-81.196382,42.993135,1,0,0,0
-81.190223,42.962985,1,50,0,0
-81.166108,42.770408,1,0,0,0
-81.165920,42.778709,1,0,0,0
-81.164310,42.774883,1,0,0,0
-81.159751,42.763673,1,0,0,0
-81.150475,42.792516,1,0,0,0
-81.074212,49.058554,1,0,0,0
-81.037625,49.058927,1,0,0,0
-81.035672,43.308560,1,50,0,0
-81.030123,49.043917,1,0,0,0
-80.990914,44.558847,1,0,0,0
-80.933868,44.566901,1,0,0,0
-80.899855,43.029463,1,50,0,0
-80.877787,43.019095,1,60,0,0
-80.859718,43.031771,1,60,0,0
-80.743048,48.537823,1,70,0,0
-80.672144,43.428204,1,60,0,0
-80.661953,43.124269,1,100,0,0
-80.586291,43.466587,1,50,0,0
-80.562047,43.260509,1,0,0,0
-80.553229,43.494591,1,0,0,0
-80.533199,43.446200,1,0,0,0
-80.506814,43.470054,1,0,0,0
-80.503006,43.470400,1,0,0,0
-80.484671,43.460522,1,50,0,0
-80.484250,43.469237,1,50,0,0
-80.482848,42.826584,1,50,0,0
-80.482333,43.426695,1,50,0,0
-80.482120,43.427034,3,0,0,0
-80.476246,43.299972,1,0,0,0
-80.464177,48.533081,1,0,0,0
-80.454978,43.411662,1,50,0,0
-80.442297,43.415713,1,0,0,0
-80.434258,43.115966,1,80,0,0
-80.431754,43.395297,1,50,0,0
-80.381857,43.405703,1,0,0,0
-80.380648,43.293761,1,0,0,0
-80.377824,43.031778,1,50,0,0
-80.376713,43.403114,1,0,0,0
-80.338227,43.167759,1,100,0,0
-80.318544,43.373353,1,0,0,0
-80.317329,43.395964,1,0,0,0
-80.313063,43.873664,1,0,0,0
-80.306200,43.403944,1,0,0,0
-80.305961,43.366032,1,0,0,0
-80.302193,43.391494,1,50,0,0
-80.297104,43.427423,1,40,0,0
-80.295074,43.418687,1,0,0,0
-80.286243,43.156671,1,0,0,0
-80.285543,43.156941,1,0,0,0
-80.280363,43.350495,1,50,0,0
-80.274376,43.535663,1,0,0,0
-80.241546,43.525435,1,0,0,0
-80.206082,43.564983,1,50,0,0
-80.205966,43.565008,1,0,0,0
-80.204743,44.078329,1,80,0,0
-80.154426,43.449903,1,0,0,0
-80.132641,43.919680,1,0,0,0
-80.115090,43.446930,1,0,0,0
-80.101181,43.902986,1,0,0,0
-80.080446,43.920523,1,0,0,0
-80.055256,44.472801,1,0,0,0
-80.023733,45.366117,1,0,0,0
-79.966724,43.204241,1,60,0,0
-79.952562,43.206638,1,60,0,0
-79.948663,43.236611,1,0,0,0
-79.929275,44.763763,1,0,0,0
-79.906847,43.219994,1,50,0,0
-79.906532,43.232278,1,50,0,0
-79.902622,43.253584,1,0,0,0
-79.901629,43.300810,1,0,0,0
-79.896936,43.262071,1,0,0,0
-79.893416,43.262176,1,0,0,0
-79.883416,43.260901,3,0,0,0
-79.879141,43.290976,1,40,0,0
-79.870390,43.203799,1,0,0,0
-79.868053,43.235259,1,0,0,0
-79.864309,43.244011,1,50,0,0
-79.861333,43.883405,1,50,0,0
-79.857927,43.252280,5,40,0,0
-79.857216,43.716041,1,50,0,0
-79.850871,43.398328,1,0,0,0
-79.848730,43.205174,1,0,0,0
-79.844449,43.268652,1,0,0,0
-79.839688,43.656980,1,60,0,0
-79.838944,43.202817,1,50,0,0
-79.835586,43.339471,1,0,0,0
-79.833317,43.383557,1,0,0,0
-79.827635,43.359890,1,0,0,0
-79.811989,43.235659,1,50,0,0
-79.811633,43.409128,1,60,0,0
-79.810387,43.709105,1,0,0,0
-79.809973,43.334065,1,0,0,0
-79.808864,43.721998,1,60,0,0
-79.807298,43.738587,1,0,0,0
-79.806706,43.379641,1,0,0,0
-79.806082,43.379357,3,0,0,0
-79.805688,43.737436,1,0,0,0
-79.797775,43.607666,1,0,0,0
-79.790005,43.637855,1,0,0,0
-79.782753,43.362656,1,60,0,0
-79.782064,43.735522,1,0,0,0
-79.781502,43.666591,1,0,0,0
-79.781029,43.231553,1,50,0,0
-79.774584,43.672710,1,60,0,0
-79.773824,43.741352,1,60,0,0
-79.772936,43.677717,1,60,0,0
-79.769858,43.728230,1,70,0,0
-79.767737,43.218963,1,50,0,0
-79.765064,43.627983,5,40,0,0
-79.764960,43.627979,1,0,0,0
-79.764040,43.228109,1,40,0,0
-79.759460,43.599382,1,0,0,0
-79.754832,43.734821,3,0,0,0
-79.754721,43.734842,3,0,0,0
-79.751805,43.573946,1,0,0,0
-79.748148,43.234116,1,50,0,0
-79.745672,43.413632,1,0,0,0
-79.745246,43.569201,1,0,0,0
-79.742655,43.232999,1,50,0,0
-79.738347,43.705557,1,0,0,0
-79.736399,43.619149,1,50,0,0
-79.735627,44.397176,1,0,0,0
-79.733936,43.719232,1,0,0,0
-79.731747,43.647524,1,50,0,0
-79.726228,43.643644,1,50,0,0
-79.726353,43.452595,1,0,0,0
-79.725778,43.585376,1,50,0,0
-79.723909,43.822769,1,0,0,0
-79.722563,43.588147,1,0,0,0
-79.719581,43.488019,1,50,0,0
-79.719622,43.487730,3,0,0,0
-79.719341,43.743549,1,60,0,0
-79.717231,44.324480,1,40,0,0
-79.713104,43.563885,1,0,0,0
-79.711348,44.329445,1,0,0,0
-79.706053,43.698439,1,60,0,0
-79.705982,43.538886,1,50,0,0
-79.702868,44.331448,1,60,0,0
-79.701216,43.695065,3,0,0,0
-79.700595,43.630845,1,0,0,0
-79.698231,44.357732,1,0,0,0
-79.693212,43.512034,1,100,0,0
-79.692063,44.415434,1,0,0,0
-79.690370,43.573191,1,0,0,0
-79.684604,44.348841,1,0,0,0
-79.683446,43.699798,1,0,0,0
-79.682855,43.593733,1,0,0,0
-79.674458,43.692614,1,60,0,0
-79.673108,44.414055,1,0,0,0
-79.672602,44.286633,1,0,0,0
-79.672417,44.364575,1,0,0,0
-79.670911,43.550237,1,60,0,0
-79.670924,44.090920,1,0,0,0
-79.669894,43.563890,1,0,0,0
-79.666424,43.573463,1,0,0,0
-79.666021,44.415319,1,50,0,0
-79.665635,43.536669,1,0,0,0
-79.663873,43.509694,1,0,0,0
-79.662520,43.570112,1,0,0,0
-79.658267,43.733198,3,0,0,0
-79.657742,43.690030,1,0,0,0
-79.657468,43.645184,1,60,0,0
-79.652945,44.423828,1,0,0,0
-79.652486,43.711324,1,50,0,0
-79.647708,43.497868,1,60,0,0
-79.647104,43.629780,1,0,0,0
-79.644434,43.597545,1,0,0,0
-79.642263,43.599314,1,0,0,0
-79.639813,44.136128,1,100,0,0
-79.636193,43.505110,1,60,0,0
-79.627225,43.580749,1,0,0,0
-79.621970,43.746105,1,0,0,0
-79.621351,43.635054,1,0,0,0
-79.617755,43.736162,1,0,0,0
-79.613915,44.024790,1,80,0,0
-79.611680,43.602807,1,50,0,0
-79.609901,43.695597,1,0,0,0
-79.607893,44.050401,1,100,0,0
-79.603490,43.607378,1,0,0,0
-79.600123,43.605314,1,0,0,0
-79.598939,43.593906,1,0,0,0
-79.594544,43.564444,1,50,0,0
-79.592196,43.631953,1,0,0,0
-79.588982,43.612980,1,0,0,0
-79.583782,43.609448,3,0,0,0
-79.583863,43.609218,3,0,0,0
-79.583354,43.670021,5,40,0,0
-79.582759,43.658885,1,0,0,0
-79.575184,43.632235,1,0,0,0
-79.573913,43.671189,1,60,0,0
-79.573332,43.764703,1,60,0,0
-79.560799,43.726412,1,50,0,0
-79.559986,43.646281,1,0,0,0
-79.558396,43.664222,1,0,0,0
-79.557349,44.115869,1,50,0,0
-79.556617,43.634220,1,0,0,0
-79.547526,43.829027,1,30,0,0
-79.546548,43.697203,3,0,0,0
-79.545047,43.590524,1,0,0,0
-79.543911,43.809236,1,0,0,0
-79.542215,43.752042,3,0,0,0
-79.539847,43.740358,1,0,0,0
-79.538631,43.735598,1,0,0,0
-79.537920,43.650942,1,60,0,0
-79.537804,43.731760,1,0,0,0
-79.527869,43.654866,1,0,0,0
-79.527514,43.853505,1,40,0,0
-79.521976,43.833197,1,0,0,0
-79.518533,43.776153,1,0,0,0
-79.517661,43.757314,3,0,0,0
-79.517180,43.860684,1,0,0,0
-79.513899,43.653460,1,0,0,0
-79.513246,43.713016,1,80,0,0
-79.512535,43.683660,1,0,0,0
-79.512274,43.854835,1,0,0,0
-79.506383,43.856783,1,50,0,0
-79.505953,44.047943,1,0,0,0
-79.502477,43.626389,3,0,0,0
-79.499499,43.780409,1,0,0,0
-79.495979,43.771464,1,0,0,0
-79.495281,43.666768,1,50,0,0
-79.490417,43.608180,1,50,0,0
-79.487451,43.744637,1,0,0,0
-79.486695,43.648071,1,0,0,0
-79.485298,43.956111,1,0,0,0
-79.484836,44.613996,1,0,0,0
-79.478612,43.824197,1,0,0,0
-79.477255,43.728270,1,0,0,0
-79.470135,44.018559,1,0,0,0
-79.470073,43.787232,3,0,0,0
-79.468221,43.635273,1,60,0,0
-79.467460,43.770530,1,60,0,0
-79.467412,43.884039,1,0,0,0
-79.467187,43.761210,1,0,0,0
-79.466133,44.200279,1,0,0,0
-79.464507,43.665560,3,0,0,0
-79.463408,43.750310,3,0,0,0
-79.463333,43.750480,3,0,0,0
-79.462914,43.979403,1,60,0,0
-79.461319,43.657725,1,0,0,0
-79.458435,43.693878,1,0,0,0
-79.457773,43.789857,1,0,0,0
-79.456402,43.645587,1,0,0,0
-79.453923,43.802239,1,50,0,0
-79.453994,43.827706,1,0,0,0
-79.453749,43.906121,1,0,0,0
-79.451606,44.142747,1,0,0,0
-79.450168,43.695799,3,0,0,0
-79.450153,44.003728,1,0,0,0
-79.448978,43.731856,1,0,0,0
-79.447657,43.849865,1,0,0,0
-79.443419,43.804348,1,50,0,0
-79.442799,43.773807,3,0,0,0
-79.442705,43.809777,1,40,0,0
-79.442196,43.636245,1,0,0,0
-79.438181,43.717244,1,0,0,0
-79.437945,44.045216,1,60,0,0
-79.436933,43.699999,1,60,0,0
-79.435213,43.659943,3,0,0,0
-79.433986,43.756270,1,0,0,0
-79.432087,43.891642,1,60,0,0
-79.428428,44.260805,1,0,0,0
-79.426937,43.738613,1,0,0,0
-79.424194,46.314789,1,50,0,0
-79.422196,43.673090,1,50,0,0
-79.421414,43.690690,1,0,0,0
-79.421029,43.814897,1,0,0,0
-79.411229,43.665274,3,0,0,0
-79.408435,43.765055,1,0,0,0
-79.406176,43.817444,1,40,0,0
-79.403841,43.829760,1,60,0,0
-79.402217,43.822500,1,60,0,0
-79.395559,43.693838,1,0,0,0
-79.394766,43.797384,1,0,0,0
-79.393593,43.638467,1,0,0,0
-79.393133,43.978378,1,0,0,0
-79.392355,44.113267,1,0,0,0
-79.391995,43.839005,1,50,0,0
-79.389987,43.699817,1,40,0,0
-79.389567,43.940107,1,0,0,0
-79.389430,43.657399,3,0,0,0
-79.388959,43.747061,1,0,0,0
-79.386029,43.824810,1,0,0,0
-79.382584,43.806406,1,0,0,0
-79.382263,43.787366,1,0,0,0
-79.382201,43.820447,1,0,0,0
-79.381565,43.728397,1,0,0,0
-79.381370,43.733384,1,0,0,0
-79.378870,43.651585,1,50,0,0
-79.378797,43.721029,1,0,0,0
-79.378020,43.854058,1,0,0,0
-79.376167,44.605664,1,0,0,0
-79.375784,43.821041,1,0,0,0
-79.371687,43.696805,1,0,0,0
-79.370024,43.712620,1,0,0,0
-79.363315,43.871660,1,0,0,0
-79.362643,43.868084,1,0,0,0
-79.361504,43.180213,1,0,0,0
-79.358891,43.676146,1,50,0,0
-79.354702,43.792706,1,50,0,0
-79.352408,43.870110,1,0,0,0
-79.352090,43.728093,1,0,0,0
-79.351098,43.735471,1,50,0,0
-79.350578,43.657000,1,0,0,0
-79.349775,44.650195,1,50,0,0
-79.346351,43.748286,1,0,0,0
-79.343407,43.795078,1,60,0,0
-79.343406,43.795149,1,0,0,0
-79.339467,43.723181,1,0,0,0
-79.339325,45.548761,1,90,0,0
-79.338694,43.720504,3,0,0,0
-79.337736,43.717609,1,0,0,0
-79.336181,43.863966,1,60,0,0
-79.334951,43.894129,1,80,0,0
-79.334473,43.739010,1,0,0,0
-79.329561,43.674896,1,0,0,0
-79.328326,43.659057,1,0,0,0
-79.326140,43.740454,1,0,0,0
-79.324353,43.819569,1,50,0,0
-79.318893,43.757773,1,0,0,0
-79.314443,44.853917,1,90,0,0
-79.311606,43.842073,1,0,0,0
-79.311054,45.127178,1,100,0,0
-79.310556,43.725588,1,60,0,0
-79.309008,43.179596,1,0,0,0
-79.302459,45.001361,1,100,0,0
-79.300613,43.809338,1,0,0,0
-79.299841,43.826087,1,0,0,0
-79.296040,43.708753,1,50,0,0
-79.294716,43.745351,1,50,0,0
-79.293772,43.889621,1,0,0,0
-79.287635,43.816195,1,40,0,0
-79.287353,43.691325,1,50,0,0
-79.280477,43.790414,1,0,0,0
-79.277870,43.689019,1,40,0,0
-79.273183,43.718625,1,0,0,0
-79.271556,43.694873,1,50,0,0
-79.271105,43.714190,1,0,0,0
-79.267994,43.732235,3,0,0,0
-79.265007,43.780196,1,50,0,0
-79.261290,43.770152,1,50,0,0
-79.258270,43.735347,1,0,0,0
-79.258214,43.762145,1,60,0,0
-79.255735,43.856165,1,0,0,0
-79.251245,43.836617,1,60,0,0
-79.244493,43.816251,1,0,0,0
-79.235498,43.810793,1,0,0,0
-79.235084,43.756363,1,0,0,0
-79.232714,43.785803,1,0,0,0
-79.225389,43.759745,1,50,0,0
-79.218984,43.743171,1,50,0,0
-79.218769,43.819391,1,0,0,0
-79.214947,43.818875,1,0,0,0
-79.175800,43.854058,1,60,0,0
-79.171863,43.778642,1,60,0,0
-79.170614,43.855512,1,0,0,0
-79.163491,43.792661,1,0,0,0
-79.143513,43.833457,1,0,0,0
-79.140652,43.835983,1,50,0,0
-79.137238,43.818890,1,0,0,0
-79.109687,43.879595,1,80,0,0
-79.091071,43.071161,1,0,0,0
-79.084621,43.211273,1,0,0,0
-79.057169,42.990149,1,0,0,0
-79.055753,43.854594,1,0,0,0
-79.045716,43.856799,1,80,0,0
-79.039245,42.885151,1,50,0,0
-79.024810,43.858902,1,60,0,0
-79.014800,43.832553,1,60,0,0
-78.983249,42.933626,1,0,0,0
-78.975824,43.891945,1,60,0,0
-78.958072,43.915239,1,60,0,0
-78.950354,42.905146,1,0,0,0
-78.918407,42.922986,1,0,0,0
-78.915994,43.924501,1,60,0,0
-78.900823,43.908629,1,0,0,0
-78.875711,43.914089,1,60,0,0
-78.866972,43.930316,1,50,0,0
-78.864094,43.924207,1,0,0,0
-78.859073,43.931633,1,0,0,0
-78.849616,43.890915,1,0,0,0
-78.817828,43.916967,1,60,0,0
-78.779893,43.916260,1,60,0,0
-78.722965,44.329370,1,0,0,0
-78.711653,44.302973,1,0,0,0
-78.347651,44.301781,1,50,0,0
-78.342087,44.310462,1,0,0,0
-78.319561,44.316330,1,50,0,0
-78.294089,44.286977,1,50,0,0
-78.282084,44.334282,1,50,0,0
-77.724847,44.084069,1,100,0,0
-77.398558,44.174989,1,0,0,0
-77.395322,44.530739,1,80,0,0
-77.335708,44.342980,1,0,0,0
-77.063662,44.244553,1,0,0,0
-76.788444,44.279042,1,100,0,0
-76.717963,44.282354,1,0,0,0
-76.535876,44.252808,1,0,0,0
-76.534728,44.276155,1,0,0,0
-76.530083,44.220189,1,50,0,0
-76.277164,44.327564,1,0,0,0
-75.932084,45.297006,1,0,0,0
-75.889339,45.326301,1,0,0,0
-75.880506,45.310698,1,0,0,0
-75.878735,45.307410,1,0,0,0
-75.848060,45.353917,1,0,0,0
-75.833437,45.351999,1,60,0,0
-75.830319,45.341713,1,0,0,0
-75.812189,45.335748,1,100,0,0
-75.796560,45.271993,1,0,0,0
-75.792362,45.360789,3,0,0,0
-75.782858,45.283653,1,0,0,0
-75.776826,45.473894,1,0,0,0
-75.776584,45.378210,1,0,0,0
-75.773124,45.342169,1,40,0,0
-75.769524,45.363606,1,0,0,0
-75.765908,45.346298,1,40,0,0
-75.761408,45.423870,1,0,0,0
-75.760986,45.420086,1,0,0,0
-75.753624,45.336863,1,0,0,0
-75.748094,45.375462,1,0,0,0
-75.742210,45.317281,1,80,0,0
-75.735354,45.411211,1,0,0,0
-75.734130,45.486684,1,0,0,0
-75.733467,45.350862,3,0,0,0
-75.731671,45.367907,1,0,0,0
-75.728299,45.357162,1,40,0,0
-75.724723,45.440977,1,0,0,0
-75.724479,45.465754,1,50,0,0
-75.718998,45.407112,1,50,0,0
-75.715972,45.464259,1,50,0,0
-75.715874,45.437105,1,0,0,0
-75.714344,45.470176,1,0,0,0
-75.714001,45.422965,1,50,0,0
-75.708246,45.373824,1,100,0,0
-75.703024,45.455137,1,0,0,0
-75.702447,45.419008,3,0,0,0
-75.702389,45.419068,1,50,0,0
-75.701636,45.375680,1,0,0,0
-75.700107,45.361209,1,0,0,0
-75.696585,45.406243,1,0,0,0
-75.696079,45.394133,1,0,0,0
-75.691552,45.387021,1,50,0,0
-75.691451,45.376831,1,50,0,0
-75.684739,45.312138,1,0,0,0
-75.683677,45.377552,1,0,0,0
-75.677212,45.364751,1,0,0,0
-75.671496,45.367074,1,50,0,0
-75.670502,45.399489,1,50,0,0
-75.661623,45.347528,1,60,0,0
-75.656254,45.449659,1,0,0,0
-75.644106,45.355779,1,50,0,0
-75.643054,45.353924,1,0,0,0
-75.638527,45.400100,1,0,0,0
-75.627502,45.406648,1,0,0,0
-75.627041,45.023513,1,0,0,0
-75.625277,45.375381,1,60,0,0
-75.625214,45.421816,1,100,0,0
-75.624932,45.422232,1,60,0,0
-75.610302,45.414201,1,0,0,0
-75.610291,45.437250,1,0,0,0
-75.610059,45.511345,1,0,0,0
-75.599812,45.435058,1,0,0,0
-75.599815,45.434904,5,60,0,0
-75.575363,45.457675,1,0,0,0
-75.562668,45.427559,1,50,0,0
-75.501737,44.771528,1,0,0,0
-75.473861,45.436548,1,0,0,0
-75.468030,45.466926,1,60,0,0
-75.424411,45.553073,1,0,0,0
-75.102422,45.304309,1,100,0,0
-74.995702,45.007880,1,0,0,0
-74.456085,45.555357,1,0,0,0
-74.390193,45.538991,1,100,0,0
-74.349623,45.208079,1,100,0,0
-74.349288,45.623462,1,0,0,0
-74.340039,45.498903,1,50,0,0
-74.285397,45.479911,1,80,0,0
-74.127653,45.323963,1,100,0,0
-74.085417,45.865051,1,0,0,0
-74.069536,45.406826,1,50,0,0
-74.037291,45.410266,1,0,0,0
-74.009505,45.384165,1,0,0,0
-74.005045,45.386042,1,0,0,0
-74.002971,45.745199,1,30,0,0
-73.958099,45.400733,1,70,0,0
-73.952442,45.406058,1,70,0,0
-73.949551,45.417613,1,50,0,0
-73.946568,45.379811,1,50,0,0
-73.924853,45.423029,1,100,0,0
-73.921126,45.541484,1,0,0,0
-73.910044,45.316555,1,0,0,0
-73.900043,45.685951,1,0,0,0
-73.875996,45.420732,1,0,0,0
-73.867878,45.645938,1,100,0,0
-73.860738,45.630614,1,0,0,0
-73.859014,45.452680,1,0,0,0
-73.851784,45.623610,1,0,0,0
-73.851114,45.593478,1,0,0,0
-73.845378,45.630538,1,0,0,0
-73.820040,45.466855,1,0,0,0
-73.812461,45.553679,1,70,0,0
-73.806895,45.555147,1,0,0,0
-73.798569,45.477447,1,0,0,0
-73.787713,45.595344,1,50,0,0
-73.781873,45.569108,1,0,0,0
-73.776708,45.564008,1,100,0,0
-73.771768,45.561056,1,0,0,0
-73.749770,45.498800,1,0,0,0
-73.748318,45.541116,1,0,0,0
-73.747002,45.447764,1,0,0,0
-73.741115,45.450980,1,0,0,0
-73.720281,45.513795,1,0,0,0
-73.716996,45.592744,1,0,0,0
-73.707308,45.522280,1,0,0,0
-73.706456,45.562641,1,0,0,0
-73.698063,45.388939,1,0,0,0
-73.683128,45.530755,1,0,0,0
-73.672486,45.480852,1,0,0,0
-73.668927,45.617908,1,80,0,0
-73.667226,45.531677,1,0,0,0
-73.658913,45.478791,1,0,0,0
-73.658446,45.628964,1,80,0,0
-73.656653,45.517579,1,70,0,0
-73.655253,45.474389,1,0,0,0
-73.653132,45.494436,1,0,0,0
-73.648000,45.491900,1,0,0,0
-73.637143,45.508300,1,0,0,0
-73.629429,45.550679,1,0,0,0
-73.610759,45.473705,1,0,0,0
-73.608140,45.529127,1,50,0,0
-73.604862,45.470670,1,0,0,0
-73.597498,45.467880,1,0,0,0
-73.591304,45.579531,1,0,0,0
-73.576568,45.715249,1,0,0,0
-73.575820,45.490206,1,50,0,0
-73.563349,45.536894,1,0,0,0
-73.562709,45.609115,1,0,0,0
-73.556252,45.527554,1,50,0,0
-73.554320,45.599885,1,80,0,0
-73.545455,45.522489,1,0,0,0
-73.539923,45.488132,1,0,0,0
-73.533565,45.508003,1,50,0,0
-73.519437,45.529187,1,0,0,0
-73.518719,45.468513,1,0,0,0
-73.513168,45.494305,1,0,0,0
-73.495677,45.582889,1,0,0,0
-73.481842,45.520082,1,50,0,0
-73.479705,45.504342,1,0,0,0
-73.474846,45.578348,1,0,0,0
-73.456753,45.591739,1,0,0,0
-73.453779,45.195341,1,80,0,0
-73.430520,45.668184,1,0,0,0
-73.424057,45.632130,1,0,0,0
-73.420255,45.790906,1,0,0,0
-73.414399,45.433235,1,0,0,0
-73.412931,45.454711,1,0,0,0
-73.385080,45.479390,1,0,0,0
-73.376498,45.621306,1,0,0,0
-73.371555,45.574101,1,0,0,0
-73.326979,45.919615,1,100,0,0
-73.326052,45.580622,1,80,0,0
-73.315256,45.409263,1,0,0,0
-73.288386,45.352150,1,0,0,0
-73.283057,45.587531,1,0,0,0
-73.239913,45.415709,1,0,0,0
-73.053060,45.623093,1,0,0,0
-72.738104,45.734386,1,0,0,0
-72.723468,46.411560,1,100,0,0
-72.668081,45.781546,1,100,0,0
-72.543531,46.245890,1,50,0,0
-72.541747,45.887723,1,100,0,0
-72.367667,46.010553,1,0,0,0
-71.859676,46.375549,1,0,0,0
-71.507241,46.619832,1,100,0,0
-71.392779,46.841263,1,0,0,0
-71.279671,46.724949,1,0,0,0
-71.271507,46.701144,1,0,0,0
-71.175530,48.400311,1,0,0,0
-71.172263,48.433348,1,0,0,0
-71.018488,46.819151,1,0,0,0
-71.002130,46.440560,1,0,0,0
-70.556941,46.968215,1,100,0,0
-69.656859,47.702087,1,100,0,0
-69.018182,48.215326,1,70,0,0
-66.389105,50.211970,1,0,0,0
-66.123824,45.232224,1,0,0,0
-65.997707,45.283568,1,0,0,0
-64.021016,45.696671,1,0,0,0
-63.705994,44.704686,1,0,0,0
-63.691938,44.783875,1,0,0,0
-63.691724,44.782525,1,0,0,0
-63.645856,44.728085,1,0,0,0
-63.623683,44.643825,1,0,0,0
-63.560612,44.743538,1,0,0,0
-63.557354,44.677802,1,0,0,0
-63.535606,44.910846,1,0,0,0
-63.532022,44.877825,1,0,0,0
-63.523998,44.685595,1,50,0,0
-63.453543,44.682729,1,0,0,0
-63.441757,44.683553,1,0,0,0
-63.412885,45.105424,1,0,0,0
-63.324622,45.390223,1,0,0,0
-62.129135,45.566955,1,0,0,0
-61.994175,45.614448,1,0,0,0
-61.984059,45.624557,1,0,0,0
-61.970886,45.613499,1,0,0,0
-61.128312,45.958745,1,0,0,0
-60.866882,45.657250,1,0,0,0
-122.890310,49.133998,1,60,0,0
-122.893272,49.119280,1,50,0,0
-79.869336,43.206087,3,0,1,0
-123.953134,49.182003,1,50,0,0
-124.313617,49.321135,1,0,0,0
-124.300000,49.321135,1,100,0,0
-97.185268,49.897340,2,50,0,0
-97.262478,49.880102,2,50,0,0
-97.200497,49.894174,2,50,0,0
-97.135918,49.921656,2,50,0,0
-97.066306,49.907122,2,50,0,0
-97.205913,49.864163,2,50,0,0
-97.163069,49.860169,2,50,0,0
-97.201333,49.883495,2,60,0,0
-97.154832,49.945263,2,60,0,0
-97.041821,49.895215,2,60,0,0
-113.508400,53.546336,3,0,0,0
-113.492005,53.467620,3,0,0,0
-97.157431,49.794990,2,60,0,0
-97.147584,49.864729,2,60,0,0
-97.093234,49.871113,2,60,0,0
-97.090426,49.834059,2,60,0,0
-122.940916,49.224001,2,30,0,0
-122.971250,49.241857,5,30,0,0
-122.971879,49.219919,2,30,0,0
-122.988871,49.225042,2,30,0,0
-123.004380,49.254503,2,30,0,0
-79.691170,43.722436,5,60,2,0
-79.487209,43.796606,5,0,1,45
-79.733517,43.578510,3,0,2,315
-113.958064,51.081487,3,0,0,0
-114.060769,51.037814,3,0,0,0
-122.492753,49.059606,3,0,0,0
-113.577918,53.550939,3,0,0,0
-113.491936,53.613927,3,0,0,0
-113.467256,53.565835,3,0,0,0
-123.038199,49.313192,1,30,0,0
-123.072171,49.332008,1,30,0,0
-123.079543,49.311058,2,30,0,0
-123.097050,49.262759,1,30,0,0
-97.113057,49.894337,1,50,0,0
-79.342950,43.707740,1,50,1,270